30 30
3   27  142.80 
20  5   80.10  
7   13  11.40  
25  17  153.90 
18  3   192.90 
23  13  1.80   
24  9   211.80 
28  10  19.80  
11  20  67.20  
25  13  284.10 
1   7   3.90   
10  19  41.70  
29  25  109.20 
17  19  87.00  
22  28  187.20 
18  13  70.80  
4   6   272.10 
22  3   40.80  
29  5   145.50 
3   29  287.70 
1   22  275.40 
16  1   160.80 
6   29  27.00  
22  7   96.00  
24  29  98.10  
28  16  194.70 
7   11  178.50 
24  24  149.70 
20  22  184.20 
28  17  130.20 
17  9   166.50 
5   24  241.50 
3   21  46.50  
3   4   87.60  
5   27  129.60 
13  17  65.70  
24  23  3.30   
