70 99
21  15  106.50 
58  69  121.20 
11  99  140.10 
52  15  67.50  
28  38  144.00 
37  44  235.20 
30  63  196.80 
63  55  239.40 
68  44  93.90  
66  93  188.10 
37  63  209.70 
43  72  246.60 
69  90  51.60  
17  51  177.90 
64  42  102.90 
25  69  189.30 
31  52  189.30 
37  20  14.70  
38  57  279.60 
53  91  248.70 
2   84  125.40 
31  66  23.10  
33  29  118.50 
57  74  266.10 
23  31  13.80  
26  36  60.30  
27  42  79.50  
10  32  48.60  
59  82  227.70 
23  65  24.60  
32  78  114.60 
2   35  109.50 
61  4   131.10 
67  79  125.10 
36  80  264.90 
43  42  288.60 
64  6   43.20  
