30 30
21  28  139.50 
23  10  29.10  
15  16  280.80 
24  16  87.60  
29  30  287.70 
30  13  44.10  
22  1   193.80 
3   12  257.70 
2   5   270.30 
6   4   217.50 
8   16  268.50 
26  30  169.20 
3   14  276.30 
1   7   274.80 
3   27  77.40  
25  26  282.00 
22  10  180.60 
30  12  280.50 
9   6   168.30 
3   11  199.80 
18  19  255.30 
23  6   36.00  
29  8   291.90 
21  30  99.30  
19  3   204.00 
17  27  178.50 
19  10  142.80 
14  9   153.00 
19  9   190.50 
21  11  232.50 
17  21  214.50 
21  13  276.00 
23  4   251.70 
9   24  122.70 
30  4   81.90  
2   13  117.30 
8   1   273.00 
