1000 57001
2000 242267
3000 544826
4000 1.10195e+006
5000 1.63722e+006
6000 2.42997e+006
7000 4.05039e+006
8000 5.71087e+006
9000 6.6119e+006
10000 8.2718e+006
11000 1.01832e+007
12000 1.22015e+007
13000 1.54334e+007
14000 1.6678e+007
15000 1.94968e+007
16000 2.28341e+007
17000 2.62233e+007
18000 2.94379e+007
19000 3.32414e+007
20000 3.69901e+007
21000 4.29159e+007
22000 4.53479e+007
23000 5.0585e+007
24000 5.52543e+007
25000 6.03757e+007
26000 6.57117e+007
27000 7.04888e+007
28000 7.64216e+007
29000 8.18565e+007
30000 8.80534e+007
31000 9.60779e+007
32000 1.01823e+008
33000 1.10027e+008
34000 1.17141e+008
35000 1.24086e+008
36000 1.33568e+008
37000 1.40324e+008
38000 1.50216e+008
39000 1.57569e+008
40000 1.66135e+008
41000 1.75159e+008
42000 1.83261e+008
43000 1.91035e+008
44000 2.03939e+008
45000 2.13454e+008
46000 1.98364e+008
47000 1.85275e+008
48000 1.93356e+008
49000 2.00163e+008
50000 2.08585e+008
51000 2.22188e+008
52000 2.27881e+008
53000 2.30243e+008
54000 2.0174e+008
55000 2.06959e+008
56000 2.17181e+008
57000 2.21783e+008
58000 2.31575e+008
59000 2.4525e+008
60000 2.47435e+008
61000 2.84974e+008
62000 3.34266e+008
63000 3.53774e+008
64000 4.39778e+008
65000 4.07895e+008
66000 4.0442e+008
67000 4.14206e+008
68000 4.26825e+008
69000 4.39386e+008
70000 4.60988e+008
71000 4.74919e+008
72000 4.88763e+008
73000 4.95043e+008
74000 5.09021e+008
75000 5.20615e+008
76000 5.33713e+008
77000 5.63841e+008
78000 4.48473e+008
79000 4.44076e+008
80000 4.54715e+008
81000 4.6683e+008
82000 4.78683e+008
83000 5.00521e+008
84000 5.14652e+008
85000 5.30526e+008
86000 5.41176e+008
87000 5.5021e+008
88000 5.85964e+008
89000 7.0598e+008
90000 5.38456e+008
91000 5.07799e+008
92000 5.67806e+008