1000 6394.2
2000 25180.4
3000 55636.2
4000 97833.8
5000 163261
6000 268862
7000 345007
8000 433029
9000 579511
10000 634279
11000 851287
12000 911655
13000 1.36939e+006
14000 1.40117e+006
15000 1.65952e+006
16000 1.86297e+006
17000 2.33368e+006
18000 2.54211e+006
19000 2.72498e+006
20000 3.21212e+006
21000 3.79433e+006
22000 4.02818e+006
23000 4.24563e+006
24000 5.18344e+006
25000 5.0241e+006
26000 5.57161e+006
27000 5.92524e+006
28000 6.13957e+006
29000 7.2483e+006
30000 7.05877e+006
31000 8.74566e+006
32000 9.06872e+006
33000 9.9933e+006
34000 1.07176e+007
35000 1.05472e+007
36000 1.20003e+007
37000 1.28089e+007
38000 1.61349e+007
39000 1.77218e+007
40000 2.19044e+007
41000 2.48599e+007
42000 2.29706e+007
43000 3.19868e+007
44000 3.18892e+007
45000 1.73784e+007
46000 1.67007e+007
47000 1.76459e+007
48000 1.86586e+007
49000 2.95302e+007
50000 2.28464e+007
51000 2.32102e+007
52000 2.58184e+007
53000 2.40065e+007
54000 2.3754e+007
55000 2.90332e+007
56000 3.68628e+007
57000 4.01347e+007
58000 3.77072e+007
59000 4.07745e+007
60000 4.04654e+007
61000 6.53449e+007
62000 5.54914e+007
63000 6.21753e+007
64000 6.38429e+007
65000 5.99482e+007
66000 5.21826e+007
67000 5.59976e+007
68000 5.74931e+007
69000 5.86317e+007
70000 6.29592e+007
71000 6.4522e+007
72000 6.52909e+007
73000 6.71612e+007
74000 6.50902e+007
75000 7.42405e+007
76000 7.73504e+007
77000 7.27494e+007
78000 8.00185e+007
79000 7.90001e+007
80000 8.24225e+007
81000 8.83456e+007
82000 9.12826e+007
83000 8.89425e+007
84000 9.2077e+007
85000 9.60309e+007
86000 1.0144e+008
87000 9.67071e+007
88000 1.03008e+008
89000 9.76835e+007
90000 1.06699e+008
91000 1.08907e+008
92000 1.1131e+008
93000 1.10556e+008
94000 1.12534e+008
95000 1.11649e+008
96000 1.1625e+008
97000 1.23941e+008
98000 1.20665e+008
99000 1.30705e+008
100000 1.24597e+008