1000 57173.8
2000 231582
3000 524821
4000 973393
5000 1.57772e+006
6000 2.26908e+006
7000 3.19033e+006
8000 3.95815e+006
9000 5.23034e+006
10000 6.71601e+006
11000 1.05235e+007
12000 1.17022e+007
13000 1.37881e+007
14000 1.64793e+007
15000 1.93763e+007
16000 2.13343e+007
17000 2.5123e+007
18000 2.84905e+007
19000 3.13216e+007
20000 3.55216e+007
21000 3.95946e+007
22000 4.568e+007
23000 4.99204e+007
24000 5.37311e+007
25000 5.9458e+007
26000 6.58238e+007
27000 7.24444e+007
28000 7.83539e+007
29000 8.33671e+007
30000 8.95226e+007
31000 1.0094e+008
32000 1.0663e+008
33000 1.17285e+008
34000 1.24801e+008
35000 1.30874e+008
36000 1.43079e+008
37000 1.49471e+008
38000 1.6127e+008
39000 1.70986e+008
40000 1.81038e+008
41000 1.94833e+008
42000 2.01231e+008
43000 2.17629e+008
44000 2.26999e+008
45000 2.27078e+008
46000 1.95762e+008
47000 2.0778e+008
48000 2.15809e+008
49000 2.2604e+008
50000 2.36961e+008
51000 2.54714e+008
52000 2.45269e+008
53000 2.18449e+008
54000 2.22545e+008
55000 2.36667e+008
56000 2.42975e+008
57000 2.61962e+008
58000 2.69364e+008
59000 2.83939e+008
60000 3.65499e+008
61000 4.00341e+008
62000 3.33845e+008
63000 4.18514e+008
64000 5.7162e+008
65000 4.70316e+008
66000 4.99877e+008
67000 5.07715e+008
68000 5.19441e+008
69000 5.5697e+008
70000 5.85323e+008
71000 5.72921e+008
72000 5.92172e+008
73000 6.16088e+008
74000 6.22351e+008
75000 6.56273e+008
76000 4.9612e+008
77000 5.02169e+008
78000 5.08385e+008
79000 5.37825e+008
80000 5.52125e+008
81000 5.83072e+008
82000 6.04485e+008
83000 6.34377e+008
84000 6.11281e+008
85000 5.2414e+008
86000 7.70032e+008
