1000 301
2000 798.4
3000 1312.8
4000 1817
5000 2214.6
6000 2791.8
7000 3613
8000 3608.6
9000 4382.4
10000 4608
11000 5439.4
12000 5864
13000 5815
14000 7770.4
15000 9107.4
16000 7466.4
17000 8949.6
18000 10047.8
19000 10752.4
20000 11262.2
21000 17358
22000 14122.6
23000 17883.2
24000 14443.6
25000 21957.6
26000 13589.4
27000 16052.2
28000 17406.6
29000 19357.2
30000 16076
31000 25976.8
32000 25380.6
33000 24317.4
34000 29532.6
35000 29273.2
36000 30694.2
37000 34590.6
38000 33932
39000 32846.8
40000 32581.6
41000 33257.2
42000 35602
43000 41512.4
44000 39144.6
45000 45069.2
46000 40834.8
47000 41454.2
48000 48055.6
49000 47350.2
50000 41485.2
51000 52169.6
52000 50224.2
53000 43669
54000 45958
55000 49469
56000 48383.8
57000 51398.8
58000 53265.4
59000 52784.2
60000 54793.6
61000 55722.8
62000 62159
63000 62221.6
64000 68987.2
65000 63753
66000 67408
67000 62211.2
68000 68808.6
69000 69029.2
70000 68174.4
71000 71059.8
72000 76182.4
73000 73210.4
74000 76407.6
75000 76583.2
76000 78257.4
77000 83081
78000 78970.4
79000 77192.4
80000 84475
81000 75642.8
82000 92781.8
83000 81781
84000 93932.6
85000 86283.4
86000 82934.6
87000 85027
88000 73844.8
89000 73543.8
90000 78099.6
91000 72542.4
92000 70385
93000 75540.8
94000 82534
95000 73785
96000 78756.4
97000 77373.4
98000 78557.8
99000 82195.8
100000 83779.2