1000 199.4
2000 1085
3000 1196.2
4000 1412.6
5000 1410.4
6000 1827.6
7000 1595.6
8000 2807.4
9000 2409.2
10000 3272.6
11000 3407.2
12000 5016.4
13000 3794.2
14000 4206.6
15000 5219.4
16000 5006.2
17000 5175.4
18000 6829
19000 6436
20000 7357
21000 7463.4
22000 9301.6
23000 10646.4
24000 10350.4
25000 13725.4
26000 10428.6
27000 14085.2
28000 13387.2
29000 11383.6
30000 12565.8
31000 11287.2
32000 12800.2
33000 15406.8
34000 17138.2
35000 21595.2
36000 23473
37000 21688.6
38000 21314.8
39000 23730.6
40000 29411.8
41000 26005.6
42000 24539
43000 27107.6
44000 24152.4
45000 31641.2
46000 25238.6
47000 26333.6
48000 30656
49000 31997.8
50000 34132.4
51000 30580.8
52000 27560
53000 31164.8
54000 32159.2
55000 36095.2
56000 35329.8
57000 32144.2
58000 36604.6
59000 32439.6
60000 40107.4
61000 40338.4
62000 39647
63000 37657.4
64000 41644.4
65000 38414.4
66000 39805
67000 42328
68000 45866.4
69000 37772.6
70000 48713
71000 39945.6
72000 48536
73000 46809.8
74000 46456.6
75000 46850.6
76000 43919.8
77000 51711.8
78000 47377.6
79000 49123.6
80000 56394
81000 54148.2
82000 48845.8
83000 50799.2
84000 61516.6
85000 54865
86000 57632.2
