1000 48473.2
2000 184853
3000 476833
4000 827483
5000 1.35742e+006
6000 2.06552e+006
7000 2.72846e+006
8000 3.31139e+006
9000 4.2366e+006
10000 5.32577e+006
11000 6.49813e+006
12000 7.80477e+006
13000 9.39925e+006
14000 1.15804e+007
15000 1.25689e+007
16000 1.42581e+007
17000 1.6719e+007
18000 1.87515e+007
19000 2.10446e+007
20000 2.35475e+007
21000 2.62482e+007
22000 2.89518e+007
23000 3.20654e+007
24000 3.63217e+007
25000 3.90161e+007
26000 4.17492e+007
27000 4.54755e+007
28000 4.89252e+007
29000 5.28858e+007
30000 5.75769e+007
31000 6.19222e+007
32000 6.57933e+007
33000 7.02867e+007
34000 7.7404e+007
35000 8.01261e+007
36000 8.54312e+007
37000 9.04482e+007
38000 9.63437e+007
39000 1.01233e+008
40000 1.07243e+008
41000 1.12466e+008
42000 1.19186e+008
43000 1.26145e+008
44000 1.32393e+008
45000 1.3865e+008
46000 1.45274e+008
47000 1.51298e+008
48000 1.57946e+008
49000 1.64588e+008
50000 1.70817e+008
51000 1.80364e+008
52000 1.5008e+008
53000 1.5215e+008
54000 1.59149e+008
55000 1.65863e+008
56000 1.71068e+008
57000 1.80864e+008
58000 1.82676e+008
59000 1.8788e+008
60000 1.78953e+008
61000 1.66935e+008
62000 1.73396e+008
63000 1.78336e+008
64000 1.83352e+008
65000 1.88707e+008
66000 1.96684e+008
67000 2.03032e+008
68000 2.07781e+008
69000 2.50392e+008
70000 2.71187e+008
71000 2.46067e+008
72000 2.69456e+008
73000 3.23268e+008
74000 3.73014e+008
75000 3.24046e+008
76000 3.30613e+008
77000 3.40718e+008
78000 3.56485e+008
79000 3.63038e+008
80000 3.72147e+008
81000 3.81054e+008
82000 3.97466e+008
83000 3.98084e+008
84000 3.97742e+008
85000 4.15141e+008
86000 4.18598e+008
87000 4.3286e+008
88000 4.44131e+008
89000 4.05293e+008
90000 3.62333e+008
91000 3.71098e+008
92000 3.7567e+008
93000 3.86728e+008
94000 3.93492e+008
95000 4.08875e+008
96000 4.21728e+008
97000 4.30998e+008
98000 4.42193e+008
99000 4.49914e+008
100000 4.42799e+008